tau_echo 1 -6427752177035961102167848369364650410088811975131171341205503 -203 7387994756897329855322347356295027008939974916336466450312897 -202 171744607 -209 171744607 -209
tau_echo 2 -7281316511544628207547915016175842597932302541397608052219769 -204 770576082343996227793996107766374936597739722496720024852917 -199 361961883 -210 361961883 -210
tau_echo 3 0 0 915699265626379405017736551528610785721356880386953097641769 -199 1005530157 -212 1005530157 -212
tau_echo 4 -12855504354071922204335696738729300820177623950262342682411007 -204 11407899659576949046543325263425377703382380192791993782941857 -203 507857503 -211 507857503 -211
theta 0 994497878091585657706625199445636620465011005118897287398623439759208547897 -249 -1008432261542765917948941689992509231689024759062911438150570344182609467499 -251 176066629 -208 176066629 -208
theta 1 512974922528008891953531511293114601023005895810347162416335750274054532711 -248 -865173606355952381559526992519881878633312010472933433825297380581968644625 -257 44012373 -206 44012373 -206
theta 2 111188242944604217746061443528449203648084906097779220158961670287961417377 -246 -1803938470010777231182650745028644152840162196896366030764977279674633134187 -252 80144721 -207 80144721 -207
theta 3 458818719010126459865735092430250952549299441884797349729678964258248402117 -248 -773834798460221455121605997765228981433786829063327025994614486141999318495 -257 160518061 -208 160518061 -208
theta 4 225727359040877723445884588252756014530168050940380280111167663749324451303 -247 -690229597972422003489388292898295014486217514755601552538534346129358671465 -252 40709889 -206 40709889 -206
theta 5 1793752952349665360888876669585015895341690838404407711431202221394676260263 -250 1082280567757688023276995830971862030054224420670128635892175951387283446717 -252 81576981 -207 81576981 -207
theta 6 807586750715046911386063105337258864473909866619927030773214499191983995521 -249 -19292503764358582654450827593069201124145074418102122268074256481888006993 -247 296261355 -209 296261355 -209
theta 7 1604381414517917145455065435636926633470051790642187653738685613846449102749 -250 968021168093303024318113595088447178634180820694990835774120660795744886925 -252 297134671 -209 297134671 -209
theta 8 507939412071662614893169141225141125846811041676093406232469824829907808677 -248 -71719454854239778683210491329415921603767377027826103218546342393653798467 -248 352485621 -209 352485621 -209
theta 9 1020336267919781709755669038135543882332087554002462889510215904965458079183 -249 1715689969473143922977381803575781773655199556213160951868719596283027706043 -253 88083441 -207 88083441 -207
theta 10 113578705384351488686424921398072038846727139210389175894844408696638677867 -246 -1026365288725167464712487315030070916650530739784018297300507737427115853875 -252 160281621 -208 160281621 -208
theta 11 912616501990827935837542807029897200174143828117392194991134359449112391453 -249 767279880011297771331424997384440082362368113595025361265907564494877189245 -252 320396793 -209 320396793 -209
theta 12 906948744099404477488152524724096391890322418252436127010049019098331657823 -249 1478605115899477563871677658526641279302779053810077732063832177418662275155 -256 325931165 -209 325931165 -209
theta 13 1754135693959052059399428266676085525974687334223947685343178749003021455073 -250 462348162050045002846012659201309311931740056192151298560875157854260912367 -250 81728307 -207 81728307 -207
theta 14 811199617565731877741519183994588818437096444095337799202722638294584418653 -249 661252310206037386717576297516286612586313352624749823720534828658029467495 -255 296594509 -209 296594509 -209
theta 15 1568946661380483042097301280715253516799543177318465532425646369682168909371 -250 1654147071385582639710678706932111179877218003656493466124971926386997914513 -252 148669777 -208 148669777 -208
theta 16 1755424556173782689171608253715933581783738910967401399513486835902398439983 -250 -1001555033569236412933112921911627375118885686300004899469242157527051277331 -250 227629689 -208 227629689 -208
theta 17 0 0 0 0 242527069 -214 242527069 -214
theta 18 785049727395395244842576230588965977448667872595928243046098923281622591939 -249 -447909027653579288293346171381052712521981728095681641880624457229625047133 -249 413710881 -209 413710881 -209
theta 19 0 0 0 0 242527069 -214 242527069 -214
theta 20 834374394399453648252412994799947187710044493548843820986114040773641598453 -249 -638577742686019034168603175168418084664416545520261734096298356556546075281 -250 417251405 -209 417251405 -209
theta 21 0 0 0 0 242527069 -214 242527069 -214
theta 22 46642946614059954360538344603221378055076337021943912785009065510533765003 -245 -571161296625723081627033301238774545105607843077662552743008358991169497127 -250 94566571 -207 94566571 -207
theta 23 0 0 0 0 242527069 -214 242527069 -214
theta 24 926578595460037514600156788464888024288363624614572089663886443711157689097 -249 -403248150469104074272436137832548614398499029438842610696548775716349431291 -249 454892535 -209 454892535 -209
theta 25 0 0 0 0 242527069 -214 242527069 -214
theta 26 414378545188984380908058249341672725451126476199001444953754292684896200665 -248 -1442704441999968670498141327031115916201894309016170525884314780438242786775 -251 413352113 -209 413352113 -209
theta 27 0 0 0 0 242527069 -214 242527069 -214
theta 28 1727859936139452295981727662918178891105989227649152543510497566903741352323 -250 -909954053028963610912168161628195967557567979271272983405943632153364431259 -251 417385617 -209 417385617 -209
theta 29 0 0 0 0 242527069 -214 242527069 -214
theta 30 1545444909122504351313831227970227297876292326077550317274691341311293991719 -250 -1627775295179368835014903861122703453420362864109342687449515015202402345473 -252 189362701 -208 189362701 -208
theta 31 0 0 0 0 242527069 -214 242527069 -214
theta 32 385167371968732516722136145284789972042470669591323558667389784033433322887 -248 -390564135473341454559613645717015149029487174616704093853032381208059307667 -250 413454565 -209 413454565 -209
theta 33 397348666394603663536355106662215165499571316808270935289147179596024589583 -248 -335080296899481493631874908628295785331698424587288554012190835681309665227 -256 412848863 -209 412848863 -209
theta 34 0 0 0 0 485054139 -215 485054139 -215
theta 35 0 0 0 0 485054139 -215 485054139 -215
theta 36 174847660469740324368061058572863266102646639679671740498706801941875029705 -247 -534649547601326212013666223762773180691854543912298368872839034415098520631 -252 376822299 -209 376822299 -209
theta 37 1389435062332128032310635591602501056808630367415226427372726106380224149331 -250 1676661845939773416747924696604471591305541363320125784874857124991442698785 -253 188480063 -208 188480063 -208
theta 38 0 0 0 0 485054139 -215 485054139 -215
theta 39 0 0 0 0 485054139 -215 485054139 -215
theta 40 393448176767187175344749454249690596307842471867341100609122257025502904817 -248 -1777716827197090216085896981859118339353110688463947235888224253419359586053 -253 103338899 -207 103338899 -207
theta 41 98793634329618589909161736372135414925919615144935694290166915190658017983 -246 1328967735804919575470786982374670129402600137476294780268316753872107268459 -253 413582959 -209 413582959 -209
theta 42 0 0 0 0 485054139 -215 485054139 -215
theta 43 0 0 0 0 485054139 -215 485054139 -215
theta 44 175629869088036289667389588841652438776057354079580545094407465556875812757 -247 572661298949576408252565519920162964834581001060944424662523526936180923497 -255 47089991 -206 47089991 -206
theta 45 1358747665938279758764748834184347368363645403232867911902481700204036036267 -250 716266692707772932085563283320215881763547566811512080761727791266393492857 -251 377586239 -209 377586239 -209
theta 46 0 0 0 0 485054139 -215 485054139 -215
theta 47 0 0 0 0 485054139 -215 485054139 -215
theta 48 1359746014316921306118698742316637229645432322067019375173241265442366994005 -250 -775801193064772598125054194119431026278280936156932045627114510902333366177 -250 491298399 -209 491298399 -209
theta 49 0 0 0 0 242527069 -214 242527069 -214
theta 50 0 0 0 0 485054139 -215 485054139 -215
theta 51 1356353919207943406671471619919385457202827357838128380873480365975672171761 -516 1641562628322685645086016693613563653578519163859513283449975737180156042541 -518 242527069 -214 242527069 -214
theta 52 646303626802196597828041622795359376379705234907839627577804397829537198179 -249 -494640192536335366541349109792543146742196419552040595201088303424725943905 -250 222735753 -208 222735753 -208
theta 53 0 0 0 0 242527069 -214 242527069 -214
theta 54 0 0 0 0 485054139 -215 485054139 -215
theta 55 1664800819159310784242490899155478384473177784704835503318132064578474326899 -516 1018349867465105473264517318705171851395227430106180017578023391457561502865 -518 242527069 -214 242527069 -214
theta 56 717724693833796909745147739263964142300496160713728069584188363050291081029 -249 -1249418696924626114017994820324620672331613451582836833217919987654546240049 -251 490884535 -209 490884535 -209
theta 57 0 0 0 0 242527069 -214 242527069 -214
theta 58 0 0 0 0 485054139 -215 485054139 -215
theta 59 1403461901257543856062764023501766149658046766656142806011983218745029663475 -516 1803334811657306796723325901050685855552125990689855072208880207294169897143 -518 242527069 -214 242527069 -214
theta 60 334598637862355480093939179092413347587649870385644699373742467227975615465 -248 -1409694757278046702415346753116418068915306209863196593094884254993126454931 -252 27854245 -205 27854245 -205
theta 61 0 0 0 0 242527069 -214 242527069 -214
theta 62 0 0 0 0 485054139 -215 485054139 -215
theta 63 1732182550799600065054049112559493115712252950710122801508245194873927053603 -516 284682019504005690626351368642608684035316921485254459990727365250125920711 -516 242527069 -214 242527069 -214
theta 64 1669941242639248122334470222666671512355388854791116607589799883226103775289 -250 -708557761868955642478271418652471972382804485444203822276775480813835741189 -250 7703351 -203 7703351 -203
theta 65 895965735939537415276989746731930783636136425273672563622601377192241863743 -249 -1129527022157874868599877070374745607345786327739704162438033742586804401439 -252 246205495 -208 246205495 -208
theta 66 373410213697182911638931538971148689716563843102928679376677756453534735741 -248 -633753328609637300508789019554718238609166449234917723982517116311629349371 -250 223419909 -208 223419909 -208
theta 67 100172014553571603282623531200921084543866107629807757480953674350187165093 -246 -505139840793583879907902040674513550481877172980225219750555251053964987241 -251 446298297 -209 446298297 -209
theta 68 0 0 0 0 485054139 -215 485054139 -215
theta 69 0 0 0 0 485054139 -215 485054139 -215
theta 70 0 0 0 0 485054139 -215 485054139 -215
theta 71 0 0 0 0 485054139 -215 485054139 -215
theta 72 217073602361646268569562118557786172133430218764384130627684697398954579207 -247 -65552594564818250584756075921658873034024216067647883717093728815963049649 -247 123241697 -207 123241697 -207
theta 73 226491166806212650990183301652809285264069007075438089892041728803474061213 -247 -1401251347770341014387507783498364991266922590651767539483933697681484902543 -254 492030087 -209 492030087 -209
theta 74 1553252259204479820712679433952921352274445581503220089811150139197475441845 -250 -938112368309867854682359981392318912321039410324877484730475924360283075503 -251 445866473 -209 445866473 -209
theta 75 810319432451096680046180408948866095361334412171895093564566576451506467241 -249 -313329326717768087833668659169784299511349694485459546031548829033619586307 -252 27759179 -205 27759179 -205
theta 76 0 0 0 0 485054139 -215 485054139 -215
theta 77 0 0 0 0 485054139 -215 485054139 -215
theta 78 0 0 0 0 485054139 -215 485054139 -215
theta 79 0 0 0 0 485054139 -215 485054139 -215
theta 80 349711706205890187099356315919707334893656315430316427837562245342728540459 -248 -555817329311715953772182909178772587273105161931245677576422523325500477501 -249 4544971 -202 4544971 -202
theta 81 0 0 0 0 242527069 -214 242527069 -214
theta 82 625583318083044418901428133749649280609055112070156542090934125420154862041 -249 -994276265130706615540520622523517469081996150606999459143057316021370683059 -250 131353481 -207 131353481 -207
theta 83 0 0 0 0 242527069 -214 242527069 -214
theta 84 0 0 0 0 485054139 -215 485054139 -215
theta 85 586989832329815343902779203215131121976794023678716863577983071475441804677 -509 873823515730659000928926620483146873703808391962935935611408141963954966895 -508 242527069 -214 242527069 -214
theta 86 0 0 0 0 485054139 -215 485054139 -215
theta 87 492472624375242948688817936534855745411104723993554036231696788642788735991 -509 389882893910039711181411047608668176898888712043153252933736853899609704953 -507 242527069 -214 242527069 -214
theta 88 47203842714388836082488801115675372002430770576679578397930360903424482917 -245 -3728012567062883899597354416119912170726320427873385694487099752895125383 -242 290426087 -208 290426087 -208
theta 89 0 0 0 0 242527069 -214 242527069 -214
theta 90 1351052814189844834687054327667265097367522415305743836786480749317848567647 -250 -426807783471416417395736081408499080735947013168766916136187156395113177585 -249 524757843 -209 524757843 -209
theta 91 0 0 0 0 242527069 -214 242527069 -214
theta 92 0 0 0 0 485054139 -215 485054139 -215
theta 93 1680571739235108828920957138572959405374421348961595880245014424394649715055 -511 907040605101359477656146354585739840838157874395248198647000965179595661871 -508 242527069 -214 242527069 -214
theta 94 0 0 0 0 485054139 -215 485054139 -215
theta 95 1365912513448623885997436987304080553102159182657178874705314014990539079197 -511 202312368301986074679562764529512302273848344867096517527139826848682719373 -506 242527069 -214 242527069 -214
theta 96 323382731094336353737189926143624361219045734572726149843293843445978125797 -248 -548846482308893176333505163865039016942577184550352407101300742965276475879 -250 505705937 -209 505705937 -209
theta 97 1388024149626520197795037728387105413854138536187140692039717783111757667277 -250 -1749855738363482130200423891146234124572064396246065084629240736468025181587 -253 505616307 -209 505616307 -209
theta 98 0 0 0 0 485054139 -215 485054139 -215
theta 99 0 0 0 0 485054139 -215 485054139 -215
theta 100 0 0 0 0 485054139 -215 485054139 -215
theta 101 0 0 0 0 485054139 -215 485054139 -215
theta 102 -1129573214441093774398487216916508658851722825468004033398601973305254498209 -513 692469126256896095501829537342511450092719788595714627040355445818755818085 -513 485054139 -215 485054139 -215
theta 103 -1347197168996984021415195618162953241199950796401632434966666784698997475261 -513 513259717333180869136425961998033827395912679615809723453405411765380519555 -513 485054139 -215 485054139 -215
theta 104 1345155914956651196431123882071874442222331799081223913776125793592410579325 -250 -812429142560729334437340440690469277556987669649331989851602578306381227767 -251 252843939 -208 252843939 -208
theta 105 1403514427365676318334483828910877582839394587683046433780989601279692471743 -250 -1085404626753045634274267149516042945651515013624470234550070550063562019501 -254 505049341 -209 505049341 -209
theta 106 0 0 0 0 485054139 -215 485054139 -215
theta 107 0 0 0 0 485054139 -215 485054139 -215
theta 108 0 0 0 0 485054139 -215 485054139 -215
theta 109 0 0 0 0 485054139 -215 485054139 -215
theta 110 -1287849116182838865885172777036445629538610543709069492811797140469422505631 -513 1391953649401753344796086283976616592513021132787581324328412520106988806769 -514 485054139 -215 485054139 -215
theta 111 -1507088429540147175715355780168590809351718645940391140047142266094641033935 -513 241986182895147641492146128863918785549492655983299485443621105698584168291 -512 485054139 -215 485054139 -215
theta 112 1083542091287354923642066543166992669736058793299163207258614469689502325817 -250 -861068503983103772326665767278598945550993254711962141443364501658335789823 -250 71701511 -206 71701511 -206
theta 113 0 0 0 0 242527069 -214 242527069 -214
theta 114 0 0 0 0 485054139 -215 485054139 -215
theta 115 85834314341626057009064267174397750910451623539678048922685414204717936023 -513 -300605056170553816402247525373197865749073748365764997377771628750888331591 -518 242527069 -214 242527069 -214
theta 116 0 0 0 0 485054139 -215 485054139 -215
theta 117 1625862647752539533824747127504814367833556453888380191569708594572218892697 -510 1393473422811303936378929079899564635578486621136257225233726446970644862557 -509 242527069 -214 242527069 -214
theta 118 1487756454356165299650771104537996678036527586520537051893749880310867962677 -508 200196078029200147268519098554276869866337216149194350186329935660088981575 -508 485054139 -215 485054139 -215
theta 119 0 0 0 0 242527069 -214 242527069 -214
theta 120 292511514735715633184181602795172466229753888076317387858243067374155585037 -248 -739252766038349323901001236484682112278557244514086618481006664148033470845 -250 286440271 -208 286440271 -208
theta 121 0 0 0 0 242527069 -214 242527069 -214
theta 122 0 0 0 0 485054139 -215 485054139 -215
theta 123 1409574712366094653931616018874960209303186154323492503826939304711736044951 -517 -1028752636957033264093382263813447103496383177126827909435698476332543674147 -520 242527069 -214 242527069 -214
theta 124 0 0 0 0 485054139 -215 485054139 -215
theta 125 1406175898537226254250529952290542173045425698545667202582029795119131988255 -510 1449921183448960035738116926762131023903281706150967990117347703204205451853 -509 242527069 -214 242527069 -214
theta 126 391281526790838648829975937136923491540363506049612690412906942038902297799 -506 1782590151874945975773494353327898760108414297439041109940375210042053898943 -511 485054139 -215 485054139 -215
theta 127 0 0 0 0 242527069 -214 242527069 -214
theta 128 691202160482758898033890866336374643466112545011683223038367205119322491949 -249 -919542914952777815661324083149787082534364027314904902632672581430212944191 -250 15013329 -204 15013329 -204
theta 129 1564151099779000828201967407524501414139703743245205942701258055907864201951 -250 -1113610732929829687680282841344045919588630875699060527388485445654528849375 -251 60071043 -206 60071043 -206
theta 130 1236460013627334200360347706925538229781775239158410596922528088622743090085 -250 -1644928372850175212076601029329697135115352069944444007724358688058284529793 -251 27179137 -205 27179137 -205
theta 131 174877409309345106614775987171034512920735640864697126660819337036239811809 -247 -249010929930446272281478883390092009132564090504297787267758775479340166687 -249 435051341 -209 435051341 -209
theta 132 332943215234035277332909833813592040967169182028258579904725941722985935081 -248 -154295287155148134280270369666459466110326596900801356802977589984229259235 -248 436608935 -209 436608935 -209
theta 133 1441697868575626673708331826157555467604414729129646267149862139924686930317 -250 -275751299331776963631256245548686133838496049240928573505809896620692184031 -250 109168719 -207 109168719 -207
theta 134 595586929528517146076597043669562240564327705374280596219487035039833054341 -249 -276011800549409094784037020874594731132068913855083348401686745507013449585 -249 395258291 -209 395258291 -209
theta 135 1289493774860663659134157539564067834091410842793333085289543829712440466963 -250 -123319730037949125011921941910146794924236195602917748669636912422967686575 -249 98742869 -207 98742869 -207
theta 136 0 0 0 0 121263535 -213 121263535 -213
theta 137 0 0 0 0 121263535 -213 121263535 -213
theta 138 0 0 0 0 121263535 -213 121263535 -213
theta 139 0 0 0 0 121263535 -213 121263535 -213
theta 140 0 0 0 0 121263535 -213 121263535 -213
theta 141 0 0 0 0 121263535 -213 121263535 -213
theta 142 0 0 0 0 121263535 -213 121263535 -213
theta 143 0 0 0 0 121263535 -213 121263535 -213
theta 144 1070439481455716995534094228597250335137088630107146541166911887045171228875 -250 -309076748686589442455224884909928262528807709012540689620164018282400827713 -248 8775803 -203 8775803 -203
theta 145 0 0 0 0 242527069 -214 242527069 -214
theta 146 957430178533843496299834480283555229478842131560933597283225303425133803681 -250 -138223324065566567202723525076346784373983699243597111669441170362689318577 -247 507257081 -209 507257081 -209
theta 147 0 0 0 0 242527069 -214 242527069 -214
theta 148 1101875617053136452520691891861650229163031505228569706802299886680112818543 -250 -935987565749393825509659670452427992289833641655854354811990156134986401369 -250 508565289 -209 508565289 -209
theta 149 0 0 0 0 242527069 -214 242527069 -214
theta 150 985547512992135843608223216576955468997676278915521568276965431033252022223 -250 -1674345458488158785369861369333866632861890776297040419815991366577739749167 -251 229528273 -208 229528273 -208
theta 151 0 0 0 0 242527069 -214 242527069 -214
theta 152 0 0 0 0 121263535 -213 121263535 -213
theta 153 64055809020313740920802171418121891586491205697121057695864993814927939641 -513 874225106931811574345601020473409319991171752544194250973209974137758029093 -515 242527069 -214 242527069 -214
theta 154 0 0 0 0 121263535 -213 121263535 -213
theta 155 1353461665032537793387565132274607218616895570035134075438435649152947164581 -518 1524320588469774738006953210136697232810700876376153952015666997079686869805 -516 242527069 -214 242527069 -214
theta 156 0 0 0 0 121263535 -213 121263535 -213
theta 157 457119602274064238350554073538508303235397053415170333367854887265815419813 -516 497246483784224159307184457531266393418061297510973330238369716414197875497 -514 242527069 -214 242527069 -214
theta 158 0 0 0 0 121263535 -213 121263535 -213
theta 159 1005947727306997018871887730434163698082336345473284269117757842654463845841 -518 219026949603716125129414077997327896902219963432862650450331737240083454705 -513 242527069 -214 242527069 -214
theta 160 1070805782564924612550033618947165361572725924146069755379246701100013690281 -250 -712274879147026316740546695047100690098005734080025412337601679250506156609 -250 121542003 -207 121542003 -207
theta 161 1211586232079217167442461921239444780299342406978581833989095864577939235905 -250 -215649791139753291826431044386742710386213425707934653940731785658352037901 -249 121718031 -207 121718031 -207
theta 162 0 0 0 0 485054139 -215 485054139 -215
theta 163 0 0 0 0 485054139 -215 485054139 -215
theta 164 515793411133668066452905770347175905287683813622886475163251392965794802255 -249 -956132924080287824144031971452550819012418990323190516636108470120603800287 -251 439216509 -209 439216509 -209
theta 165 1116734367051226266011057528101823242536138472593247767780760510786956187407 -250 -1708768304011245734914936880471885804278954056444460948719679446435307512389 -253 439722851 -209 439722851 -209
theta 166 0 0 0 0 485054139 -215 485054139 -215
theta 167 0 0 0 0 485054139 -215 485054139 -215
theta 168 0 0 0 0 121263535 -213 121263535 -213
theta 169 0 0 0 0 485054139 -215 485054139 -215
theta 170 -1333088821781703897069460424294258760543037271693945885072737950398555506731 -518 -406647401116630510184600685080277199221317906345283872534704049080544457523 -517 485054139 -215 485054139 -215
theta 171 -1197708620911518389587126763196436900243958331721933464338121253546490379481 -518 -31875146796941791899337452088137902758179585797979926557424566132555238441 -513 485054139 -215 485054139 -215
theta 172 0 0 0 0 121263535 -213 121263535 -213
theta 173 0 0 0 0 485054139 -215 485054139 -215
theta 174 -409474424330794180674652105896085410154385264741569873850937835550043814255 -516 -1231747539858928799390981449748193297585806531667375714306263403276753511105 -519 485054139 -215 485054139 -215
theta 175 -774631122179583190595122462553027792071464147426332232004875148616074703687 -517 -26881195632090447306237790990533900359730375407567201081836349895276070811 -513 485054139 -215 485054139 -215
theta 176 414579428480089498320915616879313186731763058328514609406305018050403038801 -249 -957639280290476816529934656228491262937683744997103207157097617413529301851 -250 274045635 -208 274045635 -208
theta 177 0 0 0 0 242527069 -214 242527069 -214
theta 178 0 0 0 0 485054139 -215 485054139 -215
theta 179 -231984005653097001878178281870529190308727592277447659779773105671592230773 -523 -981187576499406588208453506567637774414113540384032810280300564160589615235 -517 242527069 -214 242527069 -214
theta 180 1707018365775527474408920813216282139284572278228333318269301946611049538907 -251 -725012850880924384249680801776193834196603243895991195698545205529195142379 -250 3856495 -202 3856495 -202
theta 181 0 0 0 0 242527069 -214 242527069 -214
theta 182 0 0 0 0 485054139 -215 485054139 -215
theta 183 -44341464588720405870037592910024388096578439936874111801949874369430391617 -514 -585706060511885318529773040408521155282433976706703845968476360331231446245 -516 242527069 -214 242527069 -214
theta 184 0 0 0 0 121263535 -213 121263535 -213
theta 185 1717587118894678294484369437635789111935765073168268072580152098500764461289 -516 111848527860388186909203454718930987035510311981819002881958169388641100299 -512 242527069 -214 242527069 -214
theta 186 1350079070170773052868811835661302385364859393994366611205324965724298453679 -513 898439685960131080819404725291137026740226695420114227975691592453996591345 -514 485054139 -215 485054139 -215
theta 187 0 0 0 0 242527069 -214 242527069 -214
theta 188 0 0 0 0 121263535 -213 121263535 -213
theta 189 1043159131150676577886183453694460672628890940370894236393632246473667130763 -515 458879154171156973869215265077849912911883719221889716045721989070138286531 -514 242527069 -214 242527069 -214
theta 190 1778245191350707591366478217081977365131044153308169102390508884874865890511 -513 1238862807381097012197920443187956391207142324743886118756766026762272131707 -515 485054139 -215 485054139 -215
theta 191 0 0 0 0 242527069 -214 242527069 -214
theta 192 541985880629631280613114965646341041645432827779980561314301860608795487743 -249 -989715486456163556460832637610893260192396985045613518958526258128788230277 -250 143191835 -207 143191835 -207
theta 193 645824169335391884160916378942262145454055748789901270018285161559297741975 -249 -1394526575648771859386554742167598771483860633071142587436856331292105000851 -251 285611847 -208 285611847 -208
theta 194 969533817546353650107543486726988406209937302879596508757151881867122753335 -250 -221307110610025414538388293352143076403772184683454082431592613288520232037 -248 516538565 -209 516538565 -209
theta 195 144410674414627143044376090647553241426980725627251604707536810600105881241 -247 -77956405489516419200776154219902293170940287965748029751711123279082862433 -247 258152835 -208 258152835 -208
theta 196 0 0 0 0 485054139 -215 485054139 -215
theta 197 0 0 0 0 485054139 -215 485054139 -215
theta 198 0 0 0 0 485054139 -215 485054139 -215
theta 199 0 0 0 0 485054139 -215 485054139 -215
theta 200 0 0 0 0 121263535 -213 121263535 -213
theta 201 0 0 0 0 121263535 -213 121263535 -213
theta 202 0 0 0 0 121263535 -213 121263535 -213
theta 203 0 0 0 0 121263535 -213 121263535 -213
theta 204 1202255638955718718928589241003054185965753366945176630924891506302747283885 -514 -1160414815869221645592025350372363654263976433771631264084656062870143359401 -516 485054139 -215 485054139 -215
theta 205 16450221586344518650116283651856672247058950179417068206763687914309740807 -508 -840114708307288297176759035206707427853528437056183698002347666799337352445 -517 485054139 -215 485054139 -215
theta 206 1349643532543908382277417498980372347507919310870016694993381195168149692449 -514 -1716085546874620214274533975176455553227422862638877146948335762031629997135 -517 485054139 -215 485054139 -215
theta 207 304095428014961200208046602018100631188937925251349576782832552928198969069 -512 -736490189031603360403986439726014037369688949888879006776480873806027051927 -521 485054139 -215 485054139 -215
theta 208 1537424023370062559898514322876514037660568528104533166514847242193957315211 -251 -1224452711126427444042903335613785858504324270733706519228259503249418770589 -250 320760715 -208 320760715 -208
theta 209 0 0 0 0 242527069 -214 242527069 -214
theta 210 687556925299337039313601227522119940079008300538863053653848781887374759301 -250 -1095183798925041941919824944278515106033305979169520735151600500882637484413 -250 144335963 -207 144335963 -207
theta 211 0 0 0 0 242527069 -214 242527069 -214
theta 212 0 0 0 0 485054139 -215 485054139 -215
theta 213 939993074404842895435927575707027412757068762893276081718713323421629586505 -509 233591076534821161230208785296341743087323113508834447569091045822865058091 -507 242527069 -214 242527069 -214
theta 214 0 0 0 0 485054139 -215 485054139 -215
theta 215 846712653308203292800099139138277284481542185560334174118994238743862363771 -509 425043209274130830732392518838490351648585990106241461342171272544805721289 -508 242527069 -214 242527069 -214
theta 216 0 0 0 0 121263535 -213 121263535 -213
theta 217 1692406623351099366639284810312907307494739247029012583784932425792629689921 -517 512528653076497470568389820913182770318306651714560057191228662160521496813 -515 242527069 -214 242527069 -214
theta 218 0 0 0 0 121263535 -213 121263535 -213
theta 219 700963998883706777795419087959308121121465754307875918649340424902496108253 -516 929919239461327943374596333761928787869373888715832167090990586356695711673 -516 242527069 -214 242527069 -214
theta 220 -583309627496720366790511861037248058167009870247826817093103670325332551017 -512 143934716908506592394449159603219449826430767738404275118643824662501492933 -505 485054139 -215 485054139 -215
theta 221 0 0 0 0 242527069 -214 242527069 -214
theta 222 -728699782362849498851875306131901191467196143041512812334115793553197429969 -510 996362751283962268809322151370839574748765692268355901075866901730834446851 -508 485054139 -215 485054139 -215
theta 223 0 0 0 0 242527069 -214 242527069 -214
theta 224 839640915823249186842634482248984376509541096296905287287036193994250325391 -250 -766630319305658743327870876608453324501042390211229085913142335861049763785 -250 34048431 -205 34048431 -205
theta 225 1000506500965684597326329501005595867466178049986036051102032108071000117185 -250 -1080195640666270183075671153994581799917220421819482191589123192499778660489 -251 272272331 -208 272272331 -208
theta 226 0 0 0 0 485054139 -215 485054139 -215
theta 227 0 0 0 0 485054139 -215 485054139 -215
theta 228 0 0 0 0 485054139 -215 485054139 -215
theta 229 0 0 0 0 485054139 -215 485054139 -215
theta 230 1292111207032857404862402581698640833616098600938709244859156085656451459877 -514 278373970173253601948223546570168888745203692119665457602737037045637120055 -511 485054139 -215 485054139 -215
theta 231 1695321376901103767479023784289808577700352180394012405430811867399443130811 -515 622588521999051767323697989097554525107739204384962256881985201135423642639 -512 485054139 -215 485054139 -215
theta 232 0 0 0 0 121263535 -213 121263535 -213
theta 233 0 0 0 0 121263535 -213 121263535 -213
theta 234 -1402882893481821784667116386607527149090793999018917783603196153809962429947 -519 -469062535233226451100733716565494545980811195668140174289891478293510208249 -519 485054139 -215 485054139 -215
theta 235 -641185951482040728795688185135185548313564634443608713665579338355186698737 -518 -1351036786516952166989660814034916697753782322731521464439728845511158602153 -520 485054139 -215 485054139 -215
theta 236 -522038012870427960666927443532468917275794291110676059654093504751169131021 -512 -89957670741354911827803364901266946613578756712193702040035457689223469001 -511 485054139 -215 485054139 -215
theta 237 -552085325743713366095461253107609617671204431258968307641771395846481012551 -512 -525944327368724671767596070004753632537374787793070767112959666155260387161 -513 485054139 -215 485054139 -215
theta 238 0 0 0 0 485054139 -215 485054139 -215
theta 239 0 0 0 0 485054139 -215 485054139 -215
theta 240 1190883527714290958318453186651396197279723946606088234014170559766735720207 -251 -237114247920558727932333097735832710704810768402664723468558936523767603213 -248 297809041 -208 297809041 -208
theta 241 0 0 0 0 242527069 -214 242527069 -214
theta 242 0 0 0 0 485054139 -215 485054139 -215
theta 243 -722687101222097441967780881274839913681824020238008340799440133935830404119 -520 -1124532961085508387095711397624815406144029829325307776777812359512997182667 -519 242527069 -214 242527069 -214
theta 244 0 0 0 0 485054139 -215 485054139 -215
theta 245 662542597597490146723639447814092793609108643982608003399536096911482628205 -509 565631077792221334592684525468767308390403146949243546542030490879715002415 -509 242527069 -214 242527069 -214
theta 246 -992699956791546460565162431720292230331035348313878838031202044909030594073 -510 -320862973644036540108127878369670615179136651039187673918583887679432533657 -507 485054139 -215 485054139 -215
theta 247 0 0 0 0 242527069 -214 242527069 -214
theta 248 0 0 0 0 121263535 -213 121263535 -213
theta 249 1270803081987307299446511497611322722340959957181937713457969003349285139209 -516 162507725725841599738699342561555627512621864833014791605076591566895386911 -514 242527069 -214 242527069 -214
theta 250 78547667074938917040904304845039234514183617376439699551847749495112242537 -510 -1220428810609279350393869105223877011261594904411063425857575556525386338527 -516 485054139 -215 485054139 -215
theta 251 0 0 0 0 242527069 -214 242527069 -214
theta 252 1618070021103716108997134927563168855548315109909147295051517872921314346729 -508 1261224197303442938100742033802813349855044605256865960700003718563103187761 -508 485054139 -215 485054139 -215
theta 253 0 0 0 0 242527069 -214 242527069 -214
theta 254 0 0 0 0 485054139 -215 485054139 -215
theta 255 702141850823573566559351788903629375891654105891196208160552792652848578779 -512 1199931951236562328805206376290678748637207919103606244836517155294951385429 -515 242527069 -214 242527069 -214
call_ns 312000999
load_ns 545214542
maxrss_bytes 363626496
