tau_echo 1 -18446744073709551615 -65 5300626282127374617 -62 0 0 0 0
tau_echo 2 -2612044197347947949 -63 8845779606192748131 -63 0 0 0 0
tau_echo 3 0 0 2627928012197085617 -61 0 0 0 0
tau_echo 4 -18446744073709551615 -65 1023095825544754057 -60 0 0 0 0
theta 0 15911966049465370523687527698150911823375879869344290788614245440448064359571 -253 -64539664738737018756317430323663319408726286144533195259152059949784793109929 -257 38917567 -680 39104209 -680
theta 1 65660790083585138170644968266875569021704459699791309849733938396365381382571 -255 -110742221613561904284512015270553906055668475338512943583652228811320802533065 -264 245957693 -683 245978863 -683
theta 2 56928380387637359487089550292709066067465712882563717931890645360186516406451 -255 -57726031040344871404366679298108771298822009480631628072388190926857293228315 -257 138084253 -682 277320967 -683
theta 3 58728796033296186863077348767470749680980714440355333207770223462034381541273 -255 -6190678387681771609913245470536671566958576158195316345094198922994956229317 -260 440776001 -684 440808681 -684
theta 4 115572407828929394405152830114817599614067356767675990748778322767094108727719 -256 -88349388540470016460436232389346243895648924554267326622217833168732754309297 -259 188871881 -684 94650231 -683
theta 5 57400094475189291547548798197729838451590551900232341630174733178152543960993 -255 4329122271030752093766791385799956343857438805365011934501499241602573852673 -254 297551801 -685 297969239 -685
theta 6 51685552045763002328857557440051073505761621174301673632069136754534480261663 -255 -39511047709406377282304712855723742876413257108908540809745075066707924361881 -258 165290163 -684 165620959 -684
theta 7 102680410529146697307055748433990404267507591443374385569306068637871029944221 -256 61953354757971393565505619224193715299836590419874594470785367263792431644483 -258 65865205 -683 32972877 -682
theta 8 65016244745172814707475228043895235327897705438153456694190577535075560267331 -255 -36720360885370766691648767522494847237621276074881788316514127755126151942991 -257 295191435 -683 296125689 -683
theta 9 32650760573433014712108769147682575832258892892050080324967389069593746160187 -254 109804158046281211090629140337588545696528979509342776585929280954296498830289 -259 67067855 -681 67140181 -681
theta 10 58152297156787962208213315192971224507720166732622578319491863220371928925873 -255 -32843689239205358875878154633338740263026422158662268144434209500759542897163 -257 524533591 -684 525975779 -684
theta 11 29203728063706493946603589200065966109275417613341370396662436159402256447123 -254 49105912320723057373966456978417864234423079299781679284567185308697112572021 -258 478676257 -684 239561423 -683
theta 12 58044719622361886559227373214448497560572761047894972523099002449118404406795 -255 23657681854391641000790473757313714744505326136239193851732999043014681614769 -260 361134363 -685 5656891 -679
theta 13 112264684413379331798389056782788498348539929045938181181925942363302790794839 -256 14795141185601440092301321633270571745911309857379501547927329469235142173349 -255 277019355 -685 277146725 -685
theta 14 25958387762103420087604128632155681442006644704291821919306218000085812936143 -254 21160073926593196355943380661669669457944681352691593546208801974961309684007 -260 79165599 -683 19835137 -681
theta 15 12551573291043864336366426264053163949437351326967859275953292401490079562565 -253 52932706284338644474897702795634486635173082760009380733917297597335914448223 -257 245983167 -685 492162953 -686
theta 16 112347171595122092114297499210451107759944238398710951492156546316555418405269 -256 -32049761074215565214718520452355441183366722151946241613102949422233952356825 -255 341940891 -678 42855009 -675
theta 17 0 0 0 0 478972887 -686 478972887 -686
theta 18 100486365106610591345935128304834128886884466648768319007494211878638134729525 -256 -114664711079316297805648079763817603966355093085037503681670151111200869064739 -257 269235603 -678 134964813 -677
theta 19 0 0 0 0 222470225 -685 222470225 -685
theta 20 106799922483130066981040940861270308355856154498076748101821366723223634710539 -256 -81737951063810436371156354745794809928588722824002109163243895667003276386099 -257 119609383 -679 481096197 -681
theta 21 0 0 0 0 108866193 -686 108866193 -686
theta 22 95524754665594786534180612021917051637207921061529778581192133683715025415821 -256 -18277161492023138611439733540301261060634666967344323642522653218272858805367 -255 378936183 -681 95247061 -679
theta 23 0 0 0 0 404523715 -688 404523715 -688
theta 24 7412628763680300117207979037708253680953133590709853750971163892615140519817 -252 -103231526520090643013995494132397914653727464321325808266761573501339185796467 -257 372433271 -678 373607093 -678
theta 25 0 0 0 0 246892759 -685 246892759 -685
theta 26 53040453784190000758900529878649021370299476324649094939712849804187128622505 -255 -92333084287997994911686398197893997266665428192788021768334904719297373628935 -257 292935105 -678 293841107 -678
theta 27 0 0 0 0 57337575 -683 57337575 -683
theta 28 27645758978231236736616958217087142129362280698298892046055206615313826701287 -254 -58237059393853671093817247330937850068764938506766261845726134977805186932095 -257 264239443 -680 533436241 -681
theta 29 0 0 0 0 454683519 -688 454683519 -688
theta 30 24727118545960069621722165097811056314658226191766330101773063700672258935309 -254 -52088809445739802716160096975883110990527973635533368628164606525307493306681 -257 6531037 -675 52726581 -678
theta 31 0 0 0 0 26398557 -684 26398557 -684
theta 32 49301423611997762142014127918949312632767582233041529097263233079169051065263 -255 -99984418681175412379820327438715799285037516566734344848039792665212607126527 -258 395278427 -684 398454685 -684
theta 33 101721258597018537867047871378462616852339172911096841133739804143520428082643 -256 -42890278003133630970234559554144934112646381178366892790894022481560447878787 -263 36971117 -681 295813969 -684
theta 34 0 0 0 0 197093843 -685 197093843 -685
theta 35 0 0 0 0 335763943 -686 335763943 -686
theta 36 89522002160507046077837119042019806730638770833737635543541932939982158587331 -256 -34217571046484877574493878496995224428769660038868353051324524276746724782229 -258 256506329 -685 514836047 -686
theta 37 88923843989256194067212683616855940789092276157491525013597482297747467610205 -256 107306358140145498689064665222046427029573015827762930420968660781856421219617 -259 381321131 -686 95552281 -684
theta 38 0 0 0 0 214455663 -687 214455663 -687
theta 39 0 0 0 0 371490691 -688 371490691 -688
theta 40 50361366626199958445425549681134008917553574061268411035777315389667824203015 -255 -113773876940613773848527300548278025337466964691750110684695655881809897926763 -259 92906473 -682 186806637 -683
theta 41 50582340776764718033787222304802374860355940514985232606571260976427925069897 -255 5315870943219678302898084842229569132481491616223632740094924583388444805111 -255 330373613 -684 330989027 -684
theta 42 0 0 0 0 94597751 -684 94597751 -684
theta 43 0 0 0 0 354751575 -686 354751575 -686
theta 44 89922492973074580310408182165969150370886902308345820732993797568265717387583 -256 36650323132772890095685197279240608011585548495147218347624721032503364644075 -261 485856565 -686 487785249 -686
theta 45 86959850620049904559188133429794723410033571545586066183799539623436577135177 -256 91682136666594935315308646891512113282818663051032365356997624218530569912061 -258 174889461 -685 350049869 -686
theta 46 0 0 0 0 416841301 -688 416841301 -688
theta 47 0 0 0 0 353575933 -688 353575933 -688
theta 48 43511872458141481798983064570050862789366014847405833531303429918074485334759 -255 -6206409544518180785216937588025943884388861659628869212654243387266052430813 -253 5373743 -672 344875939 -678
theta 49 0 0 0 0 229312363 -686 229312363 -686
theta 50 0 0 0 0 467101103 -684 467101103 -684
theta 51 17612170368530389255282568997532897941091605635835062820128487284757200543325 -951 45335258407346833569459082417383599377966319878162883955304614850023203877119 -950 413549203 -688 413549203 -688
theta 52 2585214507208786391447612725578755824341981473166594100054871885449177798123 -251 -15828486161162731728981570740551712687513693051916204781444848620817708134075 -255 472917237 -681 475745045 -681
theta 53 0 0 0 0 416964961 -689 416964961 -689
theta 54 0 0 0 0 424671375 -686 424671375 -686
theta 55 -103205253425736993232850098864948910839496807872304803905303843880855948354051 -955 78562609408552037351878521171016267447839453439397899863893590448828920958785 -952 375983931 -690 375983931 -690
theta 56 22967190202681501113290602685676000835199748751253412906516224294750831068639 -254 -79962796603176071297993226278860496090292872806309389103387320509115510474317 -257 187870137 -677 188494387 -677
theta 57 0 0 0 0 236404037 -686 236404037 -686
theta 58 0 0 0 0 120386647 -682 120386647 -682
theta 59 6197892055994567483036542756094268093054437213497355148758145011930526075815 -950 92856339927332689989537693977577049002437415192742845335680746566266626630577 -951 426338553 -688 426338553 -688
theta 60 85657251292763002907558360747309603765158216229421202182410602228927910102881 -256 -45110232232897494474122467801226123715752379299966055338907015311554557139549 -257 524555223 -681 264913981 -680
theta 61 0 0 0 0 54420905 -686 54420905 -686
theta 62 0 0 0 0 443413767 -686 443413767 -686
theta 63 -70045742754650867036745695502869656107271754038447941858554752526154332947473 -954 39500790331285466843250587983882335739060085852054481834276600427638092943781 -951 392577559 -690 392577559 -690
theta 64 53438119764455939916952883163528466755629817763893512416911044033608256154223 -255 -5668462094951645140151074797541023585617650449340074740823060806926704610227 -253 300707425 -683 75240421 -681
theta 65 57341807100130394579391913202520674941969048403143890004213634559541022751603 -255 -36144864709051995788405110389516456868618757378481509365592833122568369052573 -257 169177337 -682 84867133 -681
theta 66 47796507353239412691578188035843890727912063264126465171714503482165697243951 -255 -81120426062033574469405723981001641061578492425006166487760591342803899631075 -257 134150479 -682 134248603 -682
theta 67 51288071451428660881958842102472681698539318373391144394830640633068877189621 -255 -16164474905394684153942346566359672322276798434094757903349430347539998676321 -256 150172229 -682 150602089 -682
theta 68 0 0 0 0 214765207 -680 214765207 -680
theta 69 0 0 0 0 185431975 -680 185431975 -680
theta 70 0 0 0 0 199505505 -680 199505505 -680
theta 71 0 0 0 0 344512973 -681 344512973 -681
theta 72 111141684409162889511439736929652756282203354560106174084572062062333333219869 -256 -8390732104296736075221637256070262767935948425016458912155890509506239677539 -254 137686089 -682 275378567 -683
theta 73 28990869351195219327217068029877701628430089572367209330931000821537019514049 -254 -5605005391081364053451495933869953648056424390762780226198834870289065492699 -256 356679939 -683 22399815 -679
theta 74 49704072294543354264289817881539725908397859340774704158476439340849079110757 -255 -60039191571831542702065965126478194592813423736474230139260263091115784093071 -257 493545187 -684 246777525 -683
theta 75 103720887353740375047133824632564354057714499272245138458273960892213880692875 -256 -80212307639748630426400935184161933231294667631790431552721042964077346895075 -260 19755687 -679 158708159 -682
theta 76 0 0 0 0 208574987 -680 208574987 -680
theta 77 0 0 0 0 176320567 -680 176320567 -680
theta 78 0 0 0 0 193755119 -680 193755119 -680
theta 79 0 0 0 0 327584941 -681 327584941 -681
theta 80 44763098394353943953057826450781503888898155335729133206960778338996855468571 -255 -71144618151899642084873543752813167018148640600041261010902505727818410280991 -256 236717259 -677 473018491 -678
theta 81 0 0 0 0 289863821 -685 289863821 -685
theta 82 20018666178657421406695666186261267239417177608664900623727005570196620117171 -254 -15908420242091305849030829072975174603307406265778689047681503304620340781867 -254 371845007 -678 371523901 -678
theta 83 0 0 0 0 269268141 -685 269268141 -685
theta 84 0 0 0 0 215034369 -678 215034369 -678
theta 85 61719868666950653767010971764793835766726022743611727183738894359386488186571 -945 -6537496668118066975067847680265738793889385719895239080008458886807536534115 -942 95190625 -681 95190625 -681
theta 86 0 0 0 0 99877771 -677 99877771 -677
theta 87 59859259616388988484151588505673704616269015095547472456738000280999935541671 -945 -92703208912282288111319646763066450278210393095952829153567330719705242920805 -946 353708201 -683 353708201 -683
theta 88 96673469879068336305063450505393926453385486163108485763967496224717226862309 -256 -61079757898758289811268450633073058208890037149599021450746605312825211374343 -256 31783989 -674 254664085 -677
theta 89 0 0 0 0 147799629 -684 147799629 -684
theta 90 43233690054075034713423355484010041317026258747139361329226137577532821298171 -255 -54631396284341301426643149306015245943810467663033643958886788577645864224399 -256 99767743 -676 399676361 -678
theta 91 0 0 0 0 137298029 -684 137298029 -684
theta 92 0 0 0 0 448665047 -679 448665047 -679
theta 93 69443459112052457561699466225812442400051301777791495203971137074065873657441 -945 -93361364218170536627440105909454811997162248579248746252839059282038988845469 -946 49653349 -680 49653349 -680
theta 94 0 0 0 0 416786071 -679 416786071 -679
theta 95 4173973797259949595819425214737300889223783826396300479458295771280426999603 -941 -41031722033081064777456447001869383218523492057330546876527130994326754844125 -945 11531333 -678 11531333 -678
theta 96 82785979160150106560875358036472188021177132718077390786435025568176433822937 -256 -70252349735538326575283341415067858718349245348434135553030343713260015054983 -257 92532885 -682 46334051 -681
theta 97 88833545576097292662179353609805170806322329409851859098498980309683994063307 -256 -55995383627631428156345770960208921480815344042269285033168209054430417951479 -258 213992677 -683 107588699 -682
theta 98 0 0 0 0 198959637 -685 198959637 -685
theta 99 0 0 0 0 215368945 -685 215368945 -685
theta 100 0 0 0 0 411282711 -682 411282711 -682
theta 101 0 0 0 0 177554285 -681 177554285 -681
theta 102 -19836595112129983993465015366871315384141465738890267647653872094942257641237 -948 12248828624581671079454678494291707942173728208865839236786882960969223124293 -950 370860157 -683 370860157 -683
theta 103 -56767997237173929309856872228095914771458046505285866633122722835841409635091 -950 -81531051865419851922477979756160978452880649351360119267649879784764588515633 -951 320207041 -683 320207041 -683
theta 104 86089978557225676575249951649290730681093982352839066885328059603138149876275 -256 -25997732561943338703360342922348800921717026160261959730925130470364326810207 -256 330931729 -684 165472661 -683
theta 105 89824923351403284375600591982936684237217236456065401777615161248625741455209 -256 -69465896112194920543319326210610349312982843448055238513534513855355341482561 -260 455037377 -684 114672515 -682
theta 106 0 0 0 0 376226597 -686 376226597 -686
theta 107 0 0 0 0 112087499 -684 112087499 -684
theta 108 0 0 0 0 99857057 -680 99857057 -680
theta 109 0 0 0 0 337659911 -682 337659911 -682
theta 110 -75214646975099068997511679027748253160681903423234612386489876435477726672803 -950 35599335206110540325509406150156919216903379224775751761021009224724708971975 -951 360170781 -683 360170781 -683
theta 111 -25906445219218860205034944590570495323469265008305399230499316622182100163109 -949 -66482559366026285625054538098725752883788262914897108617699287707491283005693 -951 304473309 -683 304473309 -683
theta 112 17336673460597678780094186987698970233300148682061003723209447821411522988885 -254 -55108384254918641430927779334022340480064038459841779957323479756316808430375 -256 119904717 -676 479176375 -678
theta 113 0 0 0 0 277549563 -686 277549563 -686
theta 114 0 0 0 0 282679279 -683 282679279 -683
theta 115 -108405815457816101803271969676834097637334358986499255299198663489317841471893 -961 110155157357213760555175049589770998204890478461304097692137654919159580783601 -951 500541699 -688 500541699 -688
theta 116 0 0 0 0 205899083 -679 205899083 -679
theta 117 -109889002523775308563605317657648863626890364341979651670660296416593237727615 -950 -90420998960876738098367765152689698946909511639699208793424949979587869484719 -946 364586601 -684 364586601 -684
theta 118 -54477733860815425792442761368658714798865654191404161172960227709416271431607 -942 -2460826647633268480976972216784414472940935443909077090067085030599468228901 -941 185662475 -680 185662475 -680
theta 119 0 0 0 0 328753529 -685 328753529 -685
theta 120 74882947772343202102050573422218256975110810548584920587979823704374379669913 -256 -94624354052908713460504324325855363432555006787075319032030231232764162658653 -257 129122053 -676 258661229 -677
theta 121 0 0 0 0 283041341 -686 283041341 -686
theta 122 0 0 0 0 288272557 -683 288272557 -683
theta 123 -107161043028137981336766823015766643287375384542822719763638007700825645833213 -955 111347715536371665258671211570454892102700784752185154473443374787904253538915 -951 255222873 -687 255222873 -687
theta 124 0 0 0 0 214802225 -679 214802225 -679
theta 125 75874246671767819878215020705747165987645184682749603605252106019740618413059 -950 -88184228317612261318147891094403237180575665671448439611888727445261727849155 -946 190175721 -683 190175721 -683
theta 126 -109279247780975988588554873505942924136485637270999038850418943281760633742293 -943 -66614318180744014942147244074652169549797771146609771206100026442465494160699 -945 387381159 -681 387381159 -681
theta 127 0 0 0 0 342968937 -685 342968937 -685
theta 128 5529617283862071184443453563170222850119720956383743502422600515067166653847 -252 -58850746556977780204161373372588207786513766532887876042057441121397539310719 -256 379732853 -684 95071943 -682
theta 129 100105670385856053007362598133894340421682962481712285711968894197955607571031 -256 -8908885863438637500564913618719396467383360007802489436991483954841638118951 -254 495413215 -684 495622077 -684
theta 130 19783360218037347206292129314988585912057647188074821471328641812973965085709 -254 -105275415862411213575709173694315049465810373036250903739189581451741988414693 -257 161830991 -683 162045145 -683
theta 131 44768616783192347294268777365449849963785554259105845534147881432095991029043 -255 -15936699515548561424372723637099197832067460162936062099534918356497401694055 -255 52117551 -681 26068851 -680
theta 132 42616731549956515499214624736907348470505646893742241162623192205086754006273 -255 -9874898377929480593865028884087921543111516074605223639110363352539968098649 -254 290831127 -686 145487079 -685
theta 133 46134331794420053558605651866795288781227121306383695326424221799296324593579 -255 -35296166314467451335762178853141707057872733015175083924636628483366910202929 -257 405760267 -686 204055871 -685
theta 134 2382347718114068584329216109893970775689693972817502728646942404609612417895 -251 -70659020940648728263874986154781560599040585416977158350259418021398773325579 -257 125842447 -685 125897645 -685
theta 135 82527601591082474184101712644049144496113256705340285529967072267412863849301 -256 -63139701779429951989648118729304797264102453937638485580858493864289702407235 -258 345570881 -686 173692921 -685
theta 136 0 0 0 0 206261415 -685 206261415 -685
theta 137 0 0 0 0 466390641 -686 466390641 -686
theta 138 0 0 0 0 191605933 -685 191605933 -685
theta 139 0 0 0 0 433252209 -686 433252209 -686
theta 140 0 0 0 0 367190925 -688 367190925 -688
theta 141 0 0 0 0 218541037 -687 218541037 -687
theta 142 0 0 0 0 341100927 -688 341100927 -688
theta 143 0 0 0 0 50753263 -685 50753263 -685
theta 144 68508126813165887721170361289168535187914348237519530853145902402101894378839 -256 -79123647663766897270412662054573394135638919845541487472160274217074741772061 -256 182153669 -677 395511731 -678
theta 145 0 0 0 0 470062279 -687 470062279 -687
theta 146 61275531426165983769161297857440208954524058046764775930883134633499973542835 -256 -70770341921570082409149736424912568455217276387832267847189329579305879598751 -256 283793409 -678 153939095 -677
theta 147 0 0 0 0 218331483 -686 218331483 -686
theta 148 35260019745700366483352355229244287621606863541191267498356805516049426622191 -255 -59903204207961204831488099316932764812712333026311820475193521230807104242827 -256 199968303 -679 50548103 -677
theta 149 0 0 0 0 57627999 -686 57627999 -686
theta 150 31537520415748346997725921376293272131563216675114955047355044032607852452521 -255 -107158109343242162261162186879931751674309176446782988448576067936470902576995 -257 155621681 -679 157338335 -679
theta 151 0 0 0 0 428266877 -689 428266877 -689
theta 152 0 0 0 0 35176303 -680 35176303 -680
theta 153 78824298177717225533086794161487115516824482408675758387898388342365573155169 -953 -84562587292842269831478569056773814262574238420807186617602599960061279427823 -952 498294929 -688 498294929 -688
theta 154 0 0 0 0 522830761 -684 522830761 -684
theta 155 16499546694552899388103109592044938992518056898624164318557207787111323777053 -951 -83665971713004037584535934229982744134075325783091444232825833530113028525585 -952 115722401 -686 115722401 -686
theta 156 0 0 0 0 275999507 -685 275999507 -685
theta 157 31984674991225722240300117471378589461716585018344554268184006024809351410667 -952 -100400337356283873401057583869760521766602036620366078397840249089792396090043 -954 488713789 -690 488713789 -690
theta 158 0 0 0 0 512777849 -686 512777849 -686
theta 159 905812927765348511998392884991906857501833951478476823372150277377859297561 -947 -105314286459557128593303718201289588067917879729428703716216825091354700919397 -954 453989233 -690 453989233 -690
theta 160 68531570084155175205891952044518590368906869374563556265790056042071100642495 -256 -91171184530819368546372373536593293652874889036553433981453980118190474932555 -257 290092003 -684 290682225 -684
theta 161 38770759426534949359415957987006688847234002434381458278975347509859860420103 -255 -55206346531776842702575944604391370682815362168293510887490563753916396511437 -257 199135917 -683 199246991 -683
theta 162 0 0 0 0 167997641 -686 167997641 -686
theta 163 0 0 0 0 189935009 -686 189935009 -686
theta 164 66021556625109512507438579545322560502049587050506323824339470341873383807787 -256 -61192507141138420745264903372990281577332795418961592035853372826357284487561 -257 416079447 -687 208191853 -686
theta 165 35735499745639240512595529840018828321674383361180680589443612485124213911447 -255 -109361171456719727007434979143189572684064607301272726180100517812667430696005 -259 155500157 -685 78375347 -684
theta 166 0 0 0 0 299072945 -689 299072945 -689
theta 167 0 0 0 0 88999629 -687 88999629 -687
theta 168 0 0 0 0 394997659 -687 394997659 -687
theta 169 0 0 0 0 446577007 -687 446577007 -687
theta 170 31026808057704283913233413615079552159633041085046229176484269797063522264903 -953 41727253043714713758742017227508825201409622893722513435281213127080585141515 -954 356175667 -688 356175667 -688
theta 171 82552836704902091363694758927936711729059948613462908409165377609736744413955 -955 53360569220581124371995923241172276010848394650218529970045866390075344050761 -954 402685585 -688 402685585 -688
theta 172 0 0 0 0 351591587 -689 351591587 -689
theta 173 0 0 0 0 418513557 -689 418513557 -689
theta 174 84781941053820490597424078586038744459630712421649298883135925523148084485471 -956 61761145697531028701724471057870196302597072259564615578299667132176031957835 -955 158517861 -689 158517861 -689
theta 175 38425346046931475826840522671938343888435313199105758283653110569227574628037 -956 65328221480111290270230698774931656185801020445789642866629860948442326546921 -955 188690163 -689 188690163 -689
theta 176 106132333690902911581838729168290789848160150626200965576340079133664513967885 -257 -30644456969295258129931882333549748673147885431885121546454015428088819176065 -255 377780639 -678 410970245 -678
theta 177 0 0 0 0 450092665 -688 450092665 -688
theta 178 0 0 0 0 57301419 -682 57301419 -682
theta 179 57444360178719183291434459528759666221754503560706987212582574877908128704617 -952 24942021143922575015544027235046771904071454711340847409701887391062529995517 -951 202927855 -688 202927855 -688
theta 180 6828073463102109898211844518934487514514969365512355745945968610804554596311 -253 -92801644912758321182958649219487082044675248710620970052358905767399890465995 -257 207931607 -679 420594425 -680
theta 181 0 0 0 0 220719177 -689 220719177 -689
theta 182 0 0 0 0 224798545 -686 224798545 -686
theta 183 1045495776286093454327492061341946107918521849351637416868359242277542404559 -948 51853140345199422149218388808155899185901792258020169998907777054088466240449 -953 99512995 -689 99512995 -689
theta 184 0 0 0 0 134727645 -683 134727645 -683
theta 185 110637849801836653293951978790954964153271719950558584680478649659812020688567 -953 22895551179860532273269757661447539401969021236506416764440326745696578262111 -952 477125911 -689 477125911 -689
theta 186 113088735933198237326671954637572161573045467834621598329696645455182847991021 -951 94271425103663155717438889553015213335201996911663804801622868279591248819273 -949 242972115 -685 242972115 -685
theta 187 0 0 0 0 107558003 -688 107558003 -688
theta 188 0 0 0 0 66068561 -684 66068561 -684
theta 189 20613953147368621540718399750460865818752409599851138695357325199638967794107 -952 92989966632178512725971877712603953133300372485462410791985742536843853341985 -954 467951809 -691 467951809 -691
theta 190 -14336763592351016893015145519557658751846402928060200874192347026575745273317 -951 91784945573904714971845741582302297500161481196360928143821888785218677119019 -950 238300285 -687 238300285 -687
theta 191 0 0 0 0 421959579 -692 421959579 -692
theta 192 69374192720592803922731801379256962391718803213372246529198186962271210916221 -256 -3958861945824654225952531878473082247506577365389485747907638071481398108913 -252 128539729 -682 256616627 -683
theta 193 82665493674930161177172644689237739890575921430212591172236995047414550856625 -256 -44624850420760699496902294431911791494804489376294511064378487733477482086287 -256 310524065 -683 77989059 -681
theta 194 62050164322966633610404674086198866440475430476240480694601316774648395201359 -256 -113309240632333012246265035799717835487562826930139213442620907907287967078975 -257 217250829 -683 108446799 -682
theta 195 18484566325072274310619156566000819014050710462999861475920545798313591502871 -254 -79827359221264813255028975985644591261442219536947755776194664745761775809953 -257 260047087 -683 522304985 -684
theta 196 0 0 0 0 303312611 -682 303312611 -682
theta 197 0 0 0 0 359794491 -682 359794491 -682
theta 198 0 0 0 0 281761355 -682 281761355 -682
theta 199 0 0 0 0 167115015 -681 167115015 -681
theta 200 0 0 0 0 508124123 -686 508124123 -686
theta 201 0 0 0 0 68729907 -683 68729907 -683
theta 202 0 0 0 0 118005101 -684 118005101 -684
theta 203 0 0 0 0 255385775 -685 255385775 -685
theta 204 -4566798599923245390439116644378920588472711095479584744214565124053819787863 -945 -68541883581464116683081757098520988291167291019235854173159177441813427960891 -949 80382507 -681 80382507 -681
theta 205 -63967883784328418099975324749989948785373238382115535612539290887499174257581 -949 -79739848254742062846877432505195560324251028448852990293008982708665015332227 -949 381404291 -683 381404291 -683
theta 206 -60669842663089324379464801008843653735798292165375304453869893409735841072139 -949 -32994179424854745726494294982541335899111703414279118045882364387232841768417 -948 18667773 -679 18667773 -679
theta 207 -103858556328947946196815026609234259690045022387669013216485922040514109929605 -950 -73965574002181309284589973243740378857260515622340503899111708549087889591883 -949 354304391 -683 354304391 -683
theta 208 49197568747842001924651293331452496337753084341264267767964279171060143952383 -256 -78364973512091356421658252117740361760990386328131277885336438373187745600817 -256 56164765 -675 416921797 -678
theta 209 0 0 0 0 66393779 -684 66393779 -684
theta 210 88007286438315141045870593269532557749287429618397952744059367075823745495651 -257 -35045881565601342142577502726950852776621773142089549225772200551441915841381 -255 174873417 -677 324742077 -678
theta 211 0 0 0 0 61676305 -684 61676305 -684
theta 212 0 0 0 0 113265565 -678 113265565 -678
theta 213 114545893231579983811563267804736271201841096748843721477881762402671816403503 -948 -35679510673152339073993373970834633949552343672372941700071474475446777316675 -944 401119877 -684 401119877 -684
theta 214 0 0 0 0 210435425 -679 210435425 -679
theta 215 29107475450966825943655558579407422876488666201275798823232934538583119887267 -946 -64771104699451066689138790993499889045067198248855179251852836453822692648285 -945 372619125 -684 372619125 -684
theta 216 0 0 0 0 158990861 -682 158990861 -682
theta 217 2059812919259290403643931593371501528545023767275074985854024536780683106753 -947 -47299889425707920482906114682040377952138500255271726060434058239857902554893 -951 281525961 -687 281525961 -687
theta 218 0 0 0 0 73847045 -681 73847045 -681
theta 219 57867552331207288220513343015329320910644914026330680741478001249935032947189 -952 -2950524025891684854781249227357682337057822529016444473058268378945822352927 -947 523045417 -688 523045417 -688
theta 220 90107756127317160941528815289578170879453629495095648951443667266275853473119 -944 8189754655810002245548485655629863607192635046048765270514577036085984918013 -941 480273863 -681 480273863 -681
theta 221 0 0 0 0 212605869 -684 212605869 -684
theta 222 89888008199465014185986598690274537178829128633728293609643898839253107225059 -944 58098017861943151071266857160015951089894369162531994139517814401091304162385 -944 111537247 -679 111537247 -679
theta 223 0 0 0 0 197499595 -684 197499595 -684
theta 224 107474037225375895923314969194086591644740773993288906842129364238350770847675 -257 -98128680871124319149467603943033706007891725725083346057761453289155950524835 -257 203348727 -683 405712901 -684
theta 225 64032416061803814232946825148112242263501846811081976577763556939481777893877 -256 -69132521002641291712030112893668165265418518770530915759162256441993231932055 -257 508879299 -684 511925867 -684
theta 226 0 0 0 0 103465369 -685 103465369 -685
theta 227 0 0 0 0 447837989 -687 447837989 -687
theta 228 0 0 0 0 290427009 -683 290427009 -683
theta 229 0 0 0 0 172254687 -682 172254687 -682
theta 230 38048454869258140545372216814410539240992554353965409383154170255894644164909 -950 -111978852342727933210637144352532730366290143030446138797470732594493118576733 -951 523765293 -685 523765293 -685
theta 231 12705356489526839218599061557674729202710857213482768266774238527110980301127 -948 -15591233873593962227839514382009939436496757014060515121694600118050427370779 -948 310649577 -684 310649577 -684
theta 232 0 0 0 0 486537531 -687 486537531 -687
theta 233 0 0 0 0 526480479 -687 526480479 -687
theta 234 65416155942357781153149875316823779699172517970189054763478520799242149590861 -954 29140942839654102329806143619626518590852682933606030762340680536851270204035 -953 438718623 -688 438718623 -688
theta 235 39469613231943144235961789553524388738411256069224141100936485044549932818011 -954 68184954863075470778852231223647805194350794690274182188527846119126499127171 -954 474735815 -688 474735815 -688
theta 236 -108165887372125296034248275195374859915223834362201306396940987779019567859935 -949 -99183569255957174787647046781181945213137355266432488901023899702539851524093 -955 307870497 -684 307870497 -684
theta 237 -107725926762569429867168059709917162526202813858584934851189134637902368962671 -949 -4082788990507926862116500811306910833525777587896331148540103090972528929565 -946 365201127 -684 365201127 -684
theta 238 0 0 0 0 138805857 -684 138805857 -684
theta 239 0 0 0 0 41163457 -682 41163457 -682
theta 240 19054136443428655336308505016065563887754138635439789218873483473219410226203 -255 -60701247467663034353423994162821412650365504596256452579282562857750832952587 -256 466938705 -678 216240669 -677
theta 241 0 0 0 0 508585425 -688 508585425 -688
theta 242 0 0 0 0 517985183 -685 517985183 -685
theta 243 106003918051132849764052043888368947303350973106839574929731022853925139509035 -953 72461326518850833478590314813104586653054254556019170042409959873478324704281 -952 57324945 -686 57324945 -686
theta 244 0 0 0 0 433814859 -681 433814859 -681
theta 245 -65119744080574719912792898485914701649910025387777116113550422667557084464995 -948 -89730927488279643522860184437080706538032098661903189964977396914865893756461 -946 96019785 -683 96019785 -683
theta 246 -10137198694481995354000054661928531789181714316521882886406867546335714337211 -941 85876866186275208296412536269094351086817303775139661989689473290607768530813 -945 391177753 -682 391177753 -682
theta 247 0 0 0 0 86582565 -684 86582565 -684
theta 248 0 0 0 0 152236467 -683 152236467 -683
theta 249 7878705922098856460083429988101103424915843953147305138489925378512372068379 -949 69278715651555233009651789509375333370380038116814026011015186129297246057359 -953 269565919 -688 269565919 -688
theta 250 59680125745754259608923817468293452292979848379076460226993873415591767100451 -951 7210119511597726863415427967483510433879285042035609281054980099281092062813 -945 17159255 -681 17159255 -681
theta 251 0 0 0 0 243071869 -689 243071869 -689
theta 252 -32494491040990485707691654879474718166296996429128870160588073662098230349973 -944 112575440467642380815502272962829503997486704697292163346742484400680131460761 -945 459870435 -682 459870435 -682
theta 253 0 0 0 0 203573755 -685 203573755 -685
theta 254 0 0 0 0 103668119 -681 103668119 -681
theta 255 -10486673172448576126563224502351402878182191610015135458431937799008518755525 -946 98979587829362098727995513003948413126507369856193669320504266918211844925159 -954 367131379 -687 367131379 -687
call_ns 316626996
load_ns 560570912
maxrss_bytes 363343872
